=== CUDA ===
4.670100 4.734700 4.596000 6.522400 7.116600 9.767600 9.512600 10.670600 14.148300 6.326800
8.300400 6.892800 5.453600 4.968300 5.534700 5.610100 4.855500 5.209700 5.172900 4.878500
5.248400 5.360500 4.954100 5.489200 5.910600 5.372300 5.048700 5.124500 4.886500 4.995100
4.559600 4.675900 4.582000 4.793500 4.645700 4.621900 4.493600 4.869400 4.623700 4.568100
4.772700 4.611100 4.652600 4.587900 4.645100 4.672100 4.698900 4.762700 4.640600 5.068400
4.833000 4.736200 4.594800 4.632800 4.590700 4.568200 4.677100 4.657500 4.681200 4.630500
4.661100 4.633300 4.584500 4.650800 4.617400 4.555200 4.562700 4.624300 4.652600 4.572100
4.618800 4.580700 4.613900 4.604200 4.659800 4.669400 4.708000 4.615500 4.630700 4.650400
4.630400 4.615100 4.667200 4.539400 4.646900 4.591100 4.590700 4.589000 4.642000 4.625000
4.625900 4.628800 4.547100 4.594900 4.594200 4.756700 4.600700 4.565700 4.564100 4.629400

=== SDAA ===
4.587800 5.910200 8.461700 11.766400 9.972900 7.457100 9.840300 18.487800 5.961400 5.549000
6.662900 5.785400 6.571200 4.632000 5.390200 6.029400 4.657000 5.241700 4.726700 5.191200
4.700300 5.699200 5.278100 5.920000 6.167700 5.450900 6.959000 4.653100 5.985100 6.268100
5.281400 4.518600 5.135300 5.131100 4.924900 4.679600 4.709700 4.627000 4.677100 4.545800
4.548800 4.575100 4.916700 4.737500 4.608800 5.148700 4.578200 4.615400 4.646200 4.602800
4.609600 4.596800 4.594400 4.590200 4.583100 4.622900 4.542200 4.601300 4.606800 4.623900
5.488500 4.574000 5.029300 4.704300 4.564300 4.613000 4.509000 4.575600 4.687700 4.685300
4.611400 4.561200 4.896500 4.586900 4.636400 4.719700 4.631000 4.608500 4.532600 4.614000
4.586000 4.605100 4.556400 4.663100 4.630600 4.537200 4.828600 4.782100 4.744600 4.476100
4.589800 4.545400 4.728100 4.621300 4.589200 4.499500 4.594600 4.602200 4.576000 4.605700

=== RESULT ===
MeanRelativeError: 0.03369976266347419
MeanAbsoluteError: 0.15145199999999992
Rule,mean_relative_error 0.03369976266347419
pass mean_relative_error=0.03369976266347419 <= 0.05 or mean_absolute_error=0.15145199999999992 <= 0.0002
