=== CUDA ===
4.605500 4.604200 4.575900 4.704500 4.634000 4.522500 4.800900 4.807600 4.625900 4.705800
4.870400 4.584700 4.773200 5.285000 5.075000 4.986000 4.843400 5.315900 4.963500 5.185100
4.813800 4.679400 4.381800 4.726500 5.508500 5.427500 4.998200 4.788300 5.352800 4.815200
5.005500 4.868500 5.653600 5.161500 5.161500 5.158900 4.890200 5.703200 4.891300 4.804300
5.163300 4.468000 4.668200 5.157900 4.791100 5.295500 4.785100 5.287600 4.769000 5.002200
4.607700 4.756000 4.464200 4.796000 4.427400 4.580400 4.422300 4.376400 4.660700 4.478500
4.610200 4.409400 4.520500 4.131200 4.373200 4.561000 4.492000 4.512700 4.431700 4.509900
4.408100 4.576500 4.327800 4.515700 4.364100 4.435900 4.538600 4.352800 4.364800 4.448300
4.398600 4.398600 4.390100 4.132400 4.325700 4.314900 4.226500 4.415600 4.375900 4.281100
4.583200 4.348900 4.366900 4.351000 4.382300 4.401900 4.349200 4.420900 4.401300 4.013700

=== SDAA ===
4.605500 4.605100 4.602800 4.696800 4.589000 4.522900 4.831200 4.835000 4.672600 4.792900
4.908600 4.605800 4.800500 5.228600 4.969200 4.998500 4.902800 5.385300 4.973600 5.261600
4.767300 4.740800 4.446100 4.766200 5.479500 5.351100 4.987500 4.836500 5.347800 4.788500
5.073200 4.795000 5.593800 5.038200 5.095500 5.117600 4.916400 5.822300 4.931600 4.759500
5.274200 4.597200 4.595800 5.024100 4.709400 5.352800 4.876000 5.402900 4.869000 5.047900
4.653400 4.883700 4.440900 4.846500 4.612600 4.783900 4.461900 4.499700 4.517700 4.536100
4.661900 4.476400 4.500400 4.225600 4.343800 4.452300 4.432100 4.423600 4.391900 4.565900
4.413300 4.627400 4.254300 4.585600 4.431200 4.431100 4.494100 4.345000 4.356800 4.368900
4.397400 4.424700 4.323700 4.229000 4.253100 4.351700 4.308600 4.452100 4.401300 4.298300
4.579000 4.402500 4.454300 4.313800 4.367200 4.409500 4.298600 4.480800 4.438000 4.073200

=== RESULT ===
MeanRelativeError: 0.0033275151217559127
MeanAbsoluteError: 0.014867000000000035
Rule,mean_relative_error 0.0033275151217559127
pass mean_relative_error=0.0033275151217559127 <= 0.05 or mean_absolute_error=0.014867000000000035 <= 0.0002
