=== CUDA ===
4.612500 4.619000 5.173300 4.753900 5.103300 5.242500 5.253400 5.376800 5.227700 5.287400
5.225600 5.315900 6.274400 5.618300 5.944600 5.011500 5.068500 5.123900 5.286200 4.771400
5.243700 4.860000 4.901700 4.972000 5.217600 5.257200 5.172400 4.954800 4.766100 4.733300
4.817900 4.636500 4.600600 4.679000 4.723000 4.554800 4.635600 4.738800 4.598000 4.688700
4.503400 4.537000 4.530600 4.524300 4.748800 4.348600 4.677400 4.480400 4.628000 4.406400
4.279100 4.536600 4.501700 4.544200 4.625900 4.618700 4.645000 4.531900 4.632300 4.532500
4.444700 4.552500 4.445000 4.595700 4.423200 4.563300 4.466200 4.277400 4.460700 4.536500
4.452100 4.384400 4.355400 4.371800 4.386600 4.504900 4.364500 4.567600 4.362700 4.366000
4.266800 4.490200 4.527800 4.241300 4.365700 4.196000 4.123600 4.373100 4.352100 4.619600
4.412000 4.571500 4.294300 4.252300 4.580000 4.244400 4.426400 4.422000 4.171400 4.378200

=== SDAA ===
4.602800 4.731700 4.830000 4.766100 4.891000 5.397000 5.432600 5.317800 5.863900 5.501600
5.457100 5.346400 6.533400 5.124500 5.276400 5.267400 5.038100 5.121800 5.358700 5.454500
4.813100 5.272200 5.198100 5.094100 5.284500 5.408300 5.481300 4.846000 4.872300 4.808600
4.660000 4.657000 4.653100 4.599700 4.572500 4.637400 4.947900 4.489300 4.650700 4.717900
4.861600 4.580800 4.686800 4.619700 4.634500 4.542100 4.379000 4.431700 4.826700 4.346300
4.705800 4.580100 4.716400 4.448000 4.369200 4.503800 4.443400 4.491000 4.508300 4.872600
4.615700 4.301000 4.593000 4.433000 4.428700 4.405500 4.361100 4.385100 4.493400 4.370100
4.424200 4.407500 4.355100 4.535700 4.399500 4.194800 4.240400 4.206800 4.275900 4.276500
4.489900 4.542500 4.198100 4.294400 4.433000 4.338900 4.693600 4.418000 4.445000 4.181000
4.365200 4.454500 4.264700 4.420800 4.562200 4.226300 4.210100 4.245600 4.312500 4.325800

=== RESULT ===
MeanRelativeError: 0.0037770064676498137
MeanAbsoluteError: 0.01585200000000009
Rule,mean_relative_error 0.0037770064676498137
pass mean_relative_error=0.0037770064676498137 <= 0.05 or mean_absolute_error=0.01585200000000009 <= 0.0002
