=== CUDA ===
4.766400 4.677900 4.560300 4.873800 5.093800 5.260400 5.561200 5.754300 5.719800 5.865200
5.728900 6.072100 6.087400 6.483400 6.011000 5.534400 5.582500 6.636100 6.046600 6.096300
5.702100 5.895400 5.241700 5.065100 7.311800 6.903300 6.472900 5.211900 6.742400 4.979500
5.918300 5.870700 6.127200 5.065900 5.297600 5.366800 4.812700 5.318700 4.681900 5.380000
5.039900 4.517700 4.959700 4.945300 5.068600 5.104700 4.464500 5.170700 5.218500 5.403300
5.186500 5.747700 4.799000 5.005200 5.392800 4.875000 4.882700 5.009900 4.544700 5.411600
5.120500 5.092500 4.804000 4.842000 4.750700 4.635000 4.701200 4.756300 4.847900 4.995100
4.537400 5.116500 4.846700 4.880100 4.726700 4.745400 4.711400 4.703100 4.975300 4.726800
4.812300 4.546800 4.817400 4.644500 4.804700 4.764400 4.729500 4.556400 4.677200 4.621900
4.594200 4.740000 4.734900 4.731000 4.525100 4.586900 4.830600 4.621300 4.463600 4.566400

=== SDAA ===
4.765300 4.706500 5.497300 5.759400 5.067400 5.416100 6.080600 6.298100 6.140400 5.548700
5.390900 7.706800 7.178300 5.900500 5.843100 5.995700 6.080800 6.208000 6.351100 6.268800
5.528700 5.563700 5.364500 5.275500 6.121700 6.239100 5.133200 4.926600 5.143100 4.703100
4.780800 5.411900 5.131500 5.417000 6.083700 5.109000 5.815200 4.998300 5.426300 4.879200
5.103100 4.363500 5.195600 5.174300 5.224200 4.751300 4.991500 5.198000 5.322500 5.397900
5.192700 4.804000 4.949500 4.828700 4.748700 4.943200 5.423000 5.039900 4.949800 5.004900
5.011000 4.793200 4.808600 4.559700 5.012500 4.590900 4.678200 4.476700 4.974100 5.029100
4.523100 4.901900 4.719700 4.820800 4.887300 4.765600 4.659200 4.765100 4.788200 4.598900
5.455300 4.995700 5.099100 5.249000 4.883100 4.721600 4.761700 4.769000 4.440300 4.760900
4.673700 5.021200 4.854000 4.894500 4.604100 4.604700 4.726600 4.704300 4.781100 4.407100

=== RESULT ===
MeanRelativeError: 0.006542727579724056
MeanAbsoluteError: 0.012236000000000065
Rule,mean_relative_error 0.006542727579724056
pass mean_relative_error=0.006542727579724056 <= 0.05 or mean_absolute_error=0.012236000000000065 <= 0.0002
