=== CUDA ===
4.767600 5.222800 5.756000 5.191500 5.151500 5.159400 5.669600 5.087000 6.098400 6.147800
5.758500 5.970300 5.500600 5.334700 6.209800 6.813000 6.486800 7.537900 6.307400 5.496100
5.540500 5.648600 5.764700 5.439500 5.240700 5.696200 6.983000 6.788300 5.502300 5.642000
5.446200 6.043000 6.056700 6.282900 6.528400 6.260600 5.938800 5.681700 6.247400 5.564100
5.572400 7.095900 5.623700 5.794600 6.043000 5.577700 6.276600 5.304900 6.235300 5.737200
5.268800 5.124500 4.965100 5.025600 5.006600 5.002600 5.181800 4.891100 4.650800 4.733300
4.714200 4.554100 4.635800 4.662100 4.378500 4.484000 4.579700 4.646200 4.538900 4.847400
4.579600 4.657000 4.368700 4.348400 4.691300 4.573400 4.487200 4.518500 4.565900 4.521200
4.650500 4.267200 4.386800 4.284500 4.387000 4.452300 4.310300 4.388000 4.488500 4.249100
4.505000 4.523500 4.330800 4.468500 4.534600 4.234700 4.550600 4.397000 4.467800 4.605600

=== SDAA ===
4.732200 5.101900 5.626800 5.192600 5.163000 5.230600 5.745600 5.061500 6.252900 6.115400
5.667200 5.806900 5.462300 5.088700 6.387700 7.127700 6.249800 7.723200 6.648400 5.588700
5.387000 5.471700 5.711300 5.324100 5.167600 5.854000 6.896900 6.756300 5.429000 5.486700
5.353800 5.956600 5.952600 6.345500 6.303800 5.499500 5.293800 5.298300 6.012800 5.092400
5.114700 6.352700 4.922000 5.332700 5.151900 5.297900 5.128800 5.515700 5.725500 5.615100
4.825800 4.598700 4.931500 5.068800 4.976100 5.066800 5.062600 5.077600 4.870700 4.723000
4.938200 4.633300 4.860000 4.632900 4.075600 4.573700 4.596200 4.941700 4.772600 4.730500
4.602500 4.741700 4.502600 4.457800 4.882900 4.477300 4.518200 4.582000 4.402200 4.679700
4.429900 4.428600 4.467500 4.415800 4.431800 4.496300 4.469200 4.434700 4.498200 4.382200
4.556100 4.600000 4.306000 4.488700 4.597600 4.219700 4.417100 4.352900 4.563400 4.631000

=== RESULT ===
MeanRelativeError: -0.011135153214594594
MeanAbsoluteError: -0.07194500000000004
Rule,mean_absolute_error -0.07194500000000004
pass mean_relative_error=-0.011135153214594594 <= 0.05 or mean_absolute_error=-0.07194500000000004 <= 0.0002
