=== CUDA ===
4.753700 4.585400 4.802100 4.379000 4.837200 5.222500 4.633300 5.010200 4.876900 5.122500
4.679300 5.344900 5.660700 5.093200 5.030000 5.106300 5.188300 5.154100 4.566600 4.819600
4.814900 4.924900 4.498300 4.739000 4.816000 4.985800 4.832100 4.768700 4.919600 4.774700
4.825100 4.725000 4.709000 4.609900 4.893900 4.563500 4.630800 4.856500 4.511000 4.534100
4.511700 4.746900 4.614000 4.589400 4.583700 4.450500 4.674400 4.564500 4.486600 4.556500
4.564100 4.468400 4.492700 4.624300 4.553500 4.511700 4.517800 4.581800 4.681200 4.432200
4.634300 4.635900 4.668400 4.587300 4.554100 4.579700 4.631700 4.614200 4.529200 4.596700
4.655000 4.515900 4.612000 4.633700 4.408200 4.545700 4.579300 4.572100 4.301100 4.518900
4.694200 4.562700 4.610500 4.556200 4.456700 4.606400 4.530200 4.587600 4.550500 4.862200
4.533000 4.631200 4.537100 4.644500 4.380500 4.619400 4.707600 4.645400 4.604800 4.688600

=== SDAA ===
4.692900 4.691100 4.669900 4.786200 4.629600 5.234600 4.802200 4.504000 5.377400 5.212200
5.756500 4.904200 5.267600 4.848900 5.355200 4.778000 4.891600 4.623700 4.985100 5.131400
4.725100 4.609900 4.601800 4.693800 4.455600 4.644900 4.679400 4.496200 4.664400 4.428900
4.447900 4.559200 4.584200 4.601100 4.586700 4.678100 4.834500 4.653100 4.679000 4.710000
4.570300 4.717700 4.533000 4.706100 4.567600 4.381800 4.509000 4.742200 4.642200 4.509600
4.652600 4.869500 4.929700 4.977100 4.976200 4.656100 5.380500 4.705200 5.295200 4.932100
4.623400 4.751100 5.065100 4.696300 4.717000 4.822800 4.742400 4.654100 4.961500 5.067000
4.674200 4.572800 4.847300 4.891000 4.689600 4.489100 4.617900 4.634000 4.811000 4.635500
4.609200 4.585800 4.589700 4.621500 4.572900 4.658600 4.545900 4.592800 4.670500 4.712500
4.534900 4.585400 4.673000 4.686800 4.592700 4.482700 4.568600 4.688700 4.658600 4.435200

=== RESULT ===
MeanRelativeError: 0.012957321993001258
MeanAbsoluteError: 0.05371699999999999
Rule,mean_relative_error 0.012957321993001258
pass mean_relative_error=0.012957321993001258 <= 0.05 or mean_absolute_error=0.05371699999999999 <= 0.0002
