=== CUDA ===
4.598600 5.078500 4.634700 5.369500 5.446500 5.547900 5.462300 6.285000 5.508400 5.709800
5.490900 6.323200 5.549800 5.892800 5.058500 5.731100 5.398200 5.147800 5.467100 5.150100
5.114700 6.221800 5.323600 4.941700 5.687600 5.310300 5.684600 5.102700 5.503000 4.995000
6.201700 5.872000 5.899000 6.706300 5.223900 5.587600 5.982100 6.127200 6.364800 5.207300
5.855800 6.675700 6.006200 6.277900 5.877400 5.242900 5.683500 5.629500 5.107200 5.035200
5.179700 5.259000 5.067500 5.007000 4.620100 5.062000 4.798700 4.054500 4.564700 4.695700
4.838800 4.922400 4.416900 4.693200 4.663500 4.669700 4.929600 4.415700 4.412000 4.732400
4.601800 4.719100 4.985100 4.437400 4.501600 4.763700 4.748200 4.589100 4.821000 4.584100
4.371500 4.702600 4.652700 4.818600 4.928400 4.789900 4.389700 4.694300 4.635200 4.764100
4.243000 4.635700 4.610700 4.616800 4.396400 4.577500 4.482200 4.629400 4.617600 4.642600

=== SDAA ===
4.598600 5.078700 4.634800 5.369400 5.446300 5.548800 5.463400 6.285500 5.507600 5.711500
5.493200 6.324900 5.548200 5.892900 5.073400 5.740500 5.404200 5.139800 5.458100 5.157100
5.136300 6.253800 5.330500 4.916400 5.672700 5.399100 6.077100 5.811800 5.643800 4.976600
6.019600 5.382200 5.546100 5.684400 5.265100 5.979200 5.989300 5.777400 5.813900 5.651500
5.529600 6.738700 6.192100 6.600300 5.850900 5.733400 5.734200 5.733800 5.473700 5.849100
5.292800 5.802500 5.141200 5.480600 5.032100 5.049200 5.664400 4.978500 4.691300 4.774900
4.748200 4.611400 4.443100 4.548200 5.300900 4.813600 4.814600 4.574500 4.550600 4.657500
4.580500 4.620500 4.630300 4.521800 4.271700 4.718300 4.309400 4.577000 4.657000 4.375800
4.317900 4.590800 4.487900 4.486900 4.594500 4.764500 4.328100 4.515700 4.669400 4.501500
4.408400 4.643500 4.416800 4.520200 4.382700 4.311300 4.288000 4.411600 4.533400 4.435400

=== RESULT ===
MeanRelativeError: 0.0033615679983984457
MeanAbsoluteError: 0.012283999999999988
Rule,mean_relative_error 0.0033615679983984457
pass mean_relative_error=0.0033615679983984457 <= 0.05 or mean_absolute_error=0.012283999999999988 <= 0.0002
