=== CUDA ===
4.622200 4.723900 4.925900 5.215600 4.737100 4.923100 4.817000 5.326700 5.390000 5.108600
5.259800 4.895200 5.240200 5.105000 4.954000 4.878600 4.554000 4.857400 4.732800 4.734500
4.818700 4.657300 4.724700 4.490600 4.773800 4.810200 4.772700 4.806800 4.665600 4.637500
4.777700 4.718100 4.641300 4.529700 4.513400 4.664800 4.672400 4.828900 4.826500 4.697400
4.779200 4.693600 4.625900 4.719200 4.519000 4.592200 4.543600 4.553000 4.642500 4.613300
4.619300 4.669500 4.667500 4.598900 4.647100 4.647100 4.586400 4.607300 4.577800 4.622200
4.597100 4.648600 4.562400 4.596700 4.601900 4.593100 4.621500 4.611100 4.651900 4.676300
4.517000 4.576000 4.530500 4.558700 4.534200 4.666300 4.624300 4.492300 4.723500 4.665400
4.613500 4.493800 4.565100 4.635400 4.486100 4.638600 4.553300 4.570600 4.645800 4.498000
4.588900 4.472700 4.634900 4.665600 4.615400 4.662200 4.546900 4.621900 4.621000 4.705900

=== SDAA ===
4.616000 5.196700 4.978500 5.770100 4.838900 5.021100 5.293600 4.891900 4.603800 5.501600
5.071000 4.814300 4.976900 4.903800 5.234600 4.957800 4.542100 4.812900 5.400000 4.615600
4.877500 4.869700 4.697100 4.858800 4.959500 4.668500 4.720600 4.845200 4.766200 4.706300
4.757900 4.638200 4.686300 4.631100 4.553000 4.704900 4.540300 4.754300 4.774500 4.596100
4.751000 4.671500 4.513600 4.626500 4.435600 4.649500 4.525000 4.652000 4.629200 4.653200
4.546700 4.698900 4.664600 4.743400 4.730200 4.757900 4.703600 4.644100 4.609400 4.594000
4.593500 4.664700 4.630400 4.625500 4.656700 4.581700 4.484900 4.666600 4.692500 4.714500
4.517800 4.609600 4.541100 4.631500 4.537500 4.694800 4.665600 4.457200 4.608500 4.765400
4.688100 4.478100 4.605700 4.594400 4.404400 4.691200 4.522400 4.601600 4.674300 4.572300
4.633500 4.550200 4.655000 4.543800 4.615000 4.664500 4.644300 4.661100 4.639000 4.597200

=== RESULT ===
MeanRelativeError: 0.005383627924133852
MeanAbsoluteError: 0.023844999999999974
Rule,mean_relative_error 0.005383627924133852
pass mean_relative_error=0.005383627924133852 <= 0.05 or mean_absolute_error=0.023844999999999974 <= 0.0002
