=== CUDA ===
4.690700 4.737900 4.688500 4.879800 4.893800 4.846600 5.346400 4.649600 4.963100 5.472700
5.151600 5.465700 5.255600 5.413200 5.004100 5.047000 5.431400 5.410000 5.361900 5.051600
4.984400 4.686000 4.851100 4.775100 4.675800 4.751000 4.681200 4.619600 4.984700 5.121800
4.893900 5.066000 4.794700 4.602100 4.638200 4.636700 4.784400 4.853300 4.745100 4.678200
4.643300 4.674000 4.768100 4.755400 4.688600 4.599700 4.753700 4.839700 4.683000 4.646700
4.627200 4.664200 4.721400 4.860800 4.786000 4.655200 4.735800 4.674000 4.783600 4.662200
4.561400 4.528700 4.755400 4.746800 4.704200 4.700100 4.623000 4.647600 4.757700 4.516300
4.630000 4.633900 4.629400 4.605300 4.580600 4.707600 4.666000 4.682100 4.609100 4.679200
4.675200 4.623400 4.669200 4.656900 4.610800 4.606400 4.668000 4.586900 4.687300 4.701700
4.704800 4.590000 4.561400 4.708700 4.574400 4.700200 4.784900 4.593400 4.615800 4.551100

=== SDAA ===
4.690700 4.737900 4.688400 4.879800 4.893900 4.846600 5.346400 4.649500 4.963200 5.472700
5.151200 5.465700 5.256000 5.413300 5.004200 5.046600 5.431500 5.409700 5.362100 5.051600
4.984400 4.686000 4.851200 4.775300 4.675800 4.750900 4.681200 4.619600 4.984400 5.122000
4.894000 5.066500 4.795000 4.602200 4.638200 4.636600 4.784200 4.852800 4.745100 4.678200
4.643400 4.674000 4.768000 4.755400 4.688900 4.599600 4.753500 4.839200 4.682900 4.646600
4.627300 4.664200 4.721700 4.861200 4.786100 4.654700 4.735500 4.673800 4.783900 4.662400
4.561200 4.528700 4.755900 4.747100 4.704000 4.699800 4.622900 4.647700 4.758400 4.516000
4.630100 4.633600 4.629300 4.605500 4.580300 4.707500 4.666600 4.682400 4.609400 4.679200
4.674400 4.623200 4.669100 4.657000 4.611100 4.606400 4.668200 4.586700 4.687800 4.702000
4.705600 4.589700 4.561300 4.709000 4.574400 4.700300 4.785200 4.593500 4.615800 4.551100

=== RESULT ===
MeanRelativeError: 4.6910119323713995e-06
MeanAbsoluteError: 2.2999999999946396e-05
Rule,mean_relative_error 4.6910119323713995e-06
pass mean_relative_error=4.6910119323713995e-06 <= 0.05 or mean_absolute_error=2.2999999999946396e-05 <= 0.0002
