=== CUDA ===
4.716200 4.829600 5.390600 5.388000 5.071600 5.940000 6.374800 6.030400 7.694700 5.594000
7.614200 6.948700 5.774700 6.062600 5.515700 5.761600 6.112700 5.455100 6.134800 4.782400
5.793900 5.298800 4.460800 4.819300 4.865500 4.833600 4.861400 5.358200 4.898000 4.706200
4.713100 4.396600 5.183100 4.796000 4.841100 4.675800 4.733300 4.614600 4.598000 4.712300
4.689200 4.713000 4.734400 4.587400 4.643100 4.581300 4.739400 4.635300 4.588600 4.611200
4.602600 4.640300 4.548600 4.487500 4.618300 4.613500 4.674800 4.638200 4.662400 4.550300
4.503400 4.703400 4.454300 4.502500 4.530900 4.484000 4.623800 4.597200 4.581800 4.551900
4.668300 4.622100 4.486100 4.496000 4.572600 4.527700 4.532200 4.593800 4.382100 4.595200
4.622700 4.541600 4.605000 4.589100 4.448000 4.556100 4.693500 4.511700 4.441000 4.347800
4.517000 4.634600 4.491500 4.887900 4.669400 4.537500 4.636700 4.685700 4.505200 4.499100

=== SDAA ===
4.664200 5.212200 5.765500 5.360200 6.029700 5.768600 6.248100 5.767200 6.540000 6.141200
6.194500 5.623300 6.375400 5.720900 6.292000 6.521400 6.129400 6.415300 5.329300 5.172300
5.244300 5.297900 5.126700 5.514000 5.556600 4.853100 5.083900 4.686900 4.760900 4.858600
4.494000 4.754500 4.889900 4.680000 4.712200 4.760400 4.716900 4.886700 4.786800 4.684900
4.776600 4.634000 4.984700 4.776000 4.524900 4.419500 4.493100 5.319500 4.560400 4.961300
4.653900 4.687000 4.631200 4.743500 4.560500 4.607700 4.569800 4.475000 4.528900 4.447200
4.607700 4.496000 4.705200 4.583400 4.486800 4.533800 4.436200 4.693800 4.550000 4.545800
4.396300 4.350500 4.414000 4.715200 4.715500 4.374900 4.368900 4.543300 4.489300 4.430500
4.475600 4.422800 4.455100 4.487400 4.357900 4.567400 4.514000 4.148900 4.524200 4.338300
4.423200 4.655000 4.510900 4.406500 4.582500 4.488500 4.521700 4.467500 4.420000 4.385300

=== RESULT ===
MeanRelativeError: 0.001224222750093945
MeanAbsoluteError: -0.0077739999999999745
Rule,mean_absolute_error -0.0077739999999999745
pass mean_relative_error=0.001224222750093945 <= 0.05 or mean_absolute_error=-0.0077739999999999745 <= 0.0002
