=== CUDA ===
4.494600 4.794400 4.456800 4.813500 4.888900 4.915500 4.709500 4.349100 27.056600 40.943400
36.397500 31.469700 24.384500 24.496100 24.264400 8.764300 8.645500 17.943200 16.515100 9.793000
28.116700 10.939900 6.623000 43.480700 7.052500 10.627000 4.531000 6.447800 8.083000 7.837900
5.325700 5.793900 7.292000 4.689500 4.760300 10.383300 5.387200 7.940400 4.828100 4.858400
4.841300 4.353800 4.676300 4.486100 4.389600 5.410600 4.752000 4.533200 4.646000 4.589400
5.440400 4.676300 4.433100 4.494600 4.502200 4.668000 4.678700 4.634800 4.520000 4.598600
4.507800 4.631300 4.374000 4.622300 4.478000 6.208000 4.586700 4.568400 4.458000 4.693800
4.733900 4.553000 4.439500 4.668500 4.799800 4.695800 4.724100 4.434100 4.440700 4.658200
4.363500 4.674300 4.396000 5.488800 4.597200 4.688500 4.613300 4.683100 4.671400 4.775900
4.615700 5.112300 4.674800 4.483400 5.069300 4.622100 4.584700 4.544200 4.599600 4.730500

=== SDAA ===
4.697300 4.852500 27.012700 26.298800 25.637000 39.592800 28.041000 17.899400 22.328100 15.434600
12.460900 10.295400 9.142800 10.994600 5.257300 10.058100 11.437000 9.927200 10.784200 6.333000
8.980200 8.281500 6.834500 10.909200 10.345700 5.481900 6.086400 5.418900 5.484900 5.613800
5.305200 4.467800 5.634000 4.458300 4.874500 5.122600 5.207000 4.434100 4.803200 5.189900
4.909700 4.827100 4.651400 4.980500 4.940900 4.600600 4.735800 4.835400 4.701200 4.522500
4.763200 4.807600 4.396700 4.795400 4.703100 4.791500 4.747100 4.675300 4.472400 4.723600
4.627400 4.433100 4.517300 4.606000 4.636700 4.647500 4.739700 4.455100 4.558600 5.394500
4.754900 5.464800 4.516800 4.730500 4.736300 4.692900 4.494100 4.553500 4.386500 4.720700
4.602100 4.812500 4.958000 4.771500 4.458700 4.743700 4.702100 4.710400 4.577100 4.899900
4.625500 4.635300 4.714800 4.640900 4.639200 4.619100 4.692400 4.592800 4.498000 4.666500

=== RESULT ===
MeanRelativeError: 0.21177797180537763
MeanAbsoluteError: -0.7045670000000004
Rule,mean_absolute_error -0.7045670000000004
pass mean_relative_error=0.21177797180537763 <= 0.05 or mean_absolute_error=-0.7045670000000004 <= 0.0002
