=== CUDA ===
4.705800 5.168300 6.286000 6.514900 6.078100 5.508800 6.332300 6.221700 7.022500 6.504400
5.046000 6.576700 8.827800 6.691000 6.548100 5.673000 6.907700 5.830200 6.761500 6.182000
6.412000 7.096700 6.290800 5.253100 6.595300 5.795400 6.040800 6.734600 5.578200 6.360600
5.327900 5.436300 5.400300 10.212600 13.923200 6.321900 5.941800 5.967900 5.767600 5.864300
4.689500 5.018600 5.285400 5.748500 4.773400 4.527000 5.122100 7.497800 5.489400 4.579600
5.115700 6.067100 5.017300 4.498700 4.508200 5.412400 5.553000 4.849900 5.904300 4.301500
4.803700 5.184300 4.589600 4.906200 5.061800 5.005400 4.604400 5.074700 5.101300 4.861100
4.737800 4.971700 4.722400 4.383600 4.557600 4.602100 4.909700 4.538600 4.586900 5.102800
4.833900 4.851800 4.979700 4.545200 4.559300 4.750100 4.469700 4.704800 4.939500 4.771000
4.911400 4.749500 4.672400 4.634300 4.595700 4.481300 4.707000 4.540800 4.535000 5.219400
=== SDAA ===
4.756100 6.180200 5.721200 7.422000 7.536500 6.801800 7.234700 6.221800 5.957500 9.935200
5.971300 6.463700 6.804700 8.761200 7.134800 8.198200 5.427200 8.792000 6.260300 6.526000
4.968000 6.616600 4.364000 6.423300 5.677700 7.892200 5.861800 5.939900 4.935400 5.044700
5.920200 5.092000 5.761600 4.647500 4.489100 5.260000 5.083000 4.996600 4.565200 4.947000
4.406100 4.803200 5.065900 5.145000 5.063100 5.632300 4.609400 4.929900 4.894000 4.950000
5.968800 4.635000 4.946800 4.684300 4.665000 4.708500 4.859600 4.869600 4.644000 4.831100
4.642800 4.678700 4.612500 4.581100 4.506500 4.738300 4.683800 4.622800 4.709000 4.528200
4.501300 4.646700 4.592700 4.516800 4.807100 4.697500 4.475100 4.521200 4.689000 4.609900
4.503500 5.022500 4.742400 4.540500 4.602500 4.634300 4.652300 4.785200 4.634000 4.603300
4.607800 4.551300 4.619600 4.699000 4.615700 4.579800 4.543800 4.566900 4.520500 4.515700
MeanRelativeError: -0.021833051890232148
MeanAbsoluteError: -0.226196
Rule,mean_absolute_error -0.226196
pass mean_relative_error=-0.021833051890232148 <= 0.05 or mean_absolute_error=-0.226196 <= 0.0002
