=== CUDA ===
4.790600 4.798700 5.092200 5.282500 5.105300 5.603300 6.075900 5.924400 5.461700 6.423600
6.214400 6.168200 5.204200 6.255800 6.446900 5.915500 5.393500 5.271500 5.595300 6.981500
5.678800 5.345700 6.267900 6.256900 6.200500 6.426800 6.127900 6.398500 6.155300 6.633700
6.281700 5.782700 5.832900 5.266400 6.043000 6.468400 6.757700 5.282600 5.648900 5.364200
5.163300 5.358000 5.065400 5.091500 4.848400 4.816500 5.772200 5.016700 4.728900 5.176700
4.818800 4.593700 4.578700 4.632800 4.826200 4.769600 5.173600 4.714400 5.119100 4.755300
4.632300 4.454200 4.694000 4.770500 4.752500 4.772200 4.545300 4.710300 4.744300 4.756000
4.903700 4.594800 4.587200 4.612400 4.852300 4.698100 4.766600 4.640800 4.646400 4.571800
4.607400 4.570900 4.610700 4.509100 4.474500 4.787800 4.776100 4.764000 4.662200 4.579700
4.740700 4.348500 4.641600 4.755600 4.471100 4.761700 4.503700 4.736400 4.624700 4.614400

=== SDAA ===
4.729000 4.825600 5.217500 5.087000 5.131400 5.391500 5.915200 5.758000 5.403700 6.443600
5.873000 6.379100 5.213900 6.893700 6.104600 5.868000 5.473600 5.625100 6.067100 5.641700
5.642900 5.119500 6.259900 5.855000 6.364400 6.491000 5.826300 5.680700 5.446700 5.868300
6.073500 6.705000 6.117200 6.007800 6.238500 6.245800 6.149200 5.128900 5.662600 4.759300
5.345800 5.345300 5.506700 5.625700 5.105300 5.235800 5.848600 4.716900 5.074100 4.657100
4.738600 5.241500 4.473100 5.030000 4.676000 4.722800 4.465100 4.999800 4.902700 4.301800
4.534800 4.566300 4.569500 4.679100 5.064400 4.443500 4.617300 4.670300 4.796800 4.709800
4.579100 4.684100 4.534100 4.386900 4.636800 4.620300 4.546400 4.735700 4.467800 4.360800
4.452600 4.607100 4.536100 4.486800 4.446600 4.450400 4.531100 4.665200 4.625100 4.614900
4.707600 4.329800 4.506100 4.524800 4.430800 4.312100 4.500400 4.623400 4.524500 4.573100

=== RESULT ===
MeanRelativeError: -0.010382649604186252
MeanAbsoluteError: -0.06142000000000005
Rule,mean_absolute_error -0.06142000000000005
pass mean_relative_error=-0.010382649604186252 <= 0.05 or mean_absolute_error=-0.06142000000000005 <= 0.0002
