=== CUDA ===
1.100200 1.115200 1.092600 1.102900 1.120800 1.139400 1.039700 1.052900 1.041100 1.046100
1.041500 1.006700 1.076900 0.985500 0.953100 0.860700 0.857700 0.846700 0.750100 0.782900
0.718100 0.648100 0.667600 0.714600 0.709000 0.715900 0.473600 0.477900 0.495300 0.407600
0.401900 0.332800 0.319000 0.356000 0.355400 0.350300 0.349000 0.324900 0.193100 0.321600
0.343000 0.282700 0.480900 0.343400 0.291400 0.324200 0.252000 0.268700 0.202600 0.249400
0.202500 0.227100 0.268200 0.216500 0.209300 0.329100 0.360100 0.373900 0.254700 0.164200
0.296300 0.288200 0.242400 0.294000 0.327600 0.256800 0.241500 0.219200 0.199300 0.297100
0.225600 0.201400 0.211300 0.303600 0.334100 0.165000 0.240100 0.298600 0.294000 0.271100
0.240000 0.157500 0.184600 0.171700 0.193600 0.235500 0.252200 0.198900 0.360000 0.271800
0.227700 0.258400 0.528400 0.244000 0.318700 0.295300 0.186500 0.317500 0.327600 0.240500

=== SDAA ===
1.115200 1.118800 1.095900 1.322500 1.228000 1.174000 1.072600 1.099500 1.106900 1.060500
0.954800 0.921400 0.863500 0.994400 0.773800 0.738000 0.652500 0.734300 0.584100 0.748000
0.453200 0.941400 0.534400 0.443600 0.553900 0.283000 0.247100 0.298700 0.272400 0.190900
0.274400 0.418500 0.246400 0.200500 0.384500 0.291100 0.167500 0.191100 0.282900 0.361300
0.558600 0.318300 0.229400 0.363900 0.481700 0.272600 0.199700 0.157400 0.665100 0.381700
0.787900 0.204100 0.701200 0.157000 0.421400 0.230200 0.354500 0.191800 0.487300 0.225200
0.114400 0.272000 0.354100 0.721800 0.229600 0.243200 0.486300 0.140300 0.241200 0.145600
0.201500 0.193200 0.157000 0.146200 0.202800 0.239000 0.146500 0.133900 0.248200 0.244300
0.197800 0.273700 0.221300 0.387400 0.115500 0.170900 0.191400 0.165100 0.254700 0.261100
0.296900 0.250200 0.215700 0.181400 0.383100 0.518300 0.550600 0.174800 0.396200 0.431600

=== RESULT ===
MeanRelativeError: 0.06133527711382374
MeanAbsoluteError: -0.011225999999999998
Rule,mean_absolute_error -0.011225999999999998
pass mean_relative_error=0.06133527711382374 <= 0.05 or mean_absolute_error=-0.011225999999999998 <= 0.0002
