=== CUDA ===
71.478500 98.559900 98.151000 87.628900 85.061100 77.119200 76.902300 84.143900 71.201300 92.298900
73.527500 68.716400 68.760700 65.076300 64.922300 61.720200 50.387500 70.309800 69.739000 65.689900
72.046500 71.588300 61.901200 74.086100 66.415000 68.931200 67.995700 67.059500 55.480300 68.622900
55.215200 51.563300 53.791600 52.669300 47.091000 45.806500 49.658200 46.028300 46.157800 46.671200
36.884200 34.963200 30.590900 33.807000 31.588700 29.924800 31.957700 31.112600 30.825700 31.187200
41.277300 38.103600 37.427300 36.410700 37.461500 28.736000 35.855500 34.406800 33.385600 32.599400
18.484700 17.222600 17.419500 17.379600 17.719900 16.830900 17.556700 15.701400 17.230200 16.754900
16.615800 16.984000 16.336300 16.951800 16.361000 17.085900 16.668300 15.794200 14.764100 14.645200
21.572500 23.840900 20.494800 22.327600 17.824300 21.328100 19.610800 18.826400 20.031400 18.454200
12.086400 11.964700 12.233100 11.369100 11.645700 12.238300 11.470900 12.315000 11.014600 11.239100

=== SDAA ===
72.530200 100.292800 100.055500 89.803400 86.291700 78.552900 78.247200 85.825100 72.452300 93.589500
74.144200 69.421800 69.344600 65.628600 65.288800 62.153700 50.719500 70.716700 70.984000 66.710400
73.286200 72.530300 62.387500 75.213200 67.022500 73.543000 68.776900 67.480700 55.651700 68.972800
55.523600 51.933000 53.927700 52.816300 46.851200 45.966000 49.843200 46.177300 45.881900 46.813400
37.259600 35.319600 30.329100 33.523000 31.764900 29.902900 33.460200 31.361700 31.049100 31.399600
41.432700 37.703700 37.661000 36.184000 37.557600 28.956400 36.083000 34.714400 33.272200 32.761200
18.000400 18.054700 17.358100 17.452600 18.044000 17.264300 17.474200 15.902900 17.067400 16.984300
17.762500 16.916800 17.842700 17.151400 16.806600 17.448700 16.680500 16.780700 14.563900 15.223200
23.484200 25.518200 23.878200 20.991200 20.206500 22.064500 19.284100 18.793200 19.543000 17.908400
11.951000 11.875800 12.041700 11.328400 11.633900 11.428200 11.810900 11.544400 11.011500 11.223900

=== RESULT ===
MeanRelativeError: 0.011524957298776776
MeanAbsoluteError: 0.4827399999999995
Rule,mean_relative_error 0.011524957298776776
pass mean_relative_error=np.float64(0.011524957298776776) <= 0.05 or mean_absolute_error=np.float64(0.4827399999999995) <= 0.0002
