=== CUDA ===
38.231200 36.005900 25.152300 33.938700 27.764200 26.467700 26.076700 23.761000 22.786200 23.913200
20.859900 22.397500 23.919500 17.078800 18.648800 21.657000 22.126200 20.751300 21.690100 20.243800
16.501200 17.695200 25.384200 22.926800 20.861700 19.734600 17.584400 23.120200 27.424900 15.223700
17.800800 14.525000 19.361100 17.989900 15.531300 15.874200 17.008200 17.509000 12.476900 14.244500
15.951300 22.558300 15.652600 14.586600 36.734000 22.218000 13.832100 20.740700 15.046400 22.039400
24.241800 14.041000 21.103900 19.932600 19.211300 29.035500 16.062000 20.241100 15.616700 26.986000
20.122300 19.437700 18.781600 16.944800 16.304300 14.098600 17.264200 11.881000 12.672500 13.087700
26.163100 14.416000 21.086400 14.339600 30.819200 14.830100 17.145700 21.762800 22.290500 20.639500
16.783000 12.142900 22.276100 21.663000 20.148700 23.399100 16.065500 25.793900 19.534500 15.481100
18.417200 29.240400 26.813200 20.714700 16.573500 15.920300 11.736500 15.671800 21.566800 15.415500

=== SDAA ===
38.155500 35.847700 25.290900 34.077600 28.056500 27.333400 27.245700 24.674800 24.031000 24.543300
21.577000 22.813300 24.258400 17.953600 19.588300 21.946500 22.920500 21.330800 21.934800 20.683500
17.127100 18.251500 25.342100 23.220600 21.176300 20.921600 17.864500 22.862900 27.780200 16.012300
18.127900 15.174900 19.547200 18.099600 15.118700 16.839100 17.463400 18.308400 13.398400 14.442000
15.778000 22.878100 15.702200 14.105500 36.312000 22.291200 14.447000 20.712900 14.950300 21.473900
24.162500 15.334700 19.957200 19.858300 19.447600 27.797600 17.807300 19.956200 16.368500 25.730600
19.670400 19.475100 18.741900 16.230200 16.254400 14.425900 17.572300 11.999400 14.841200 14.084200
25.596800 14.013400 20.505500 13.881800 30.370800 14.669300 17.191400 21.878000 21.697400 20.155200
16.238800 12.159200 21.770300 21.984000 18.893000 21.576300 16.560900 25.402600 18.790300 15.143900
17.865500 28.471400 25.204800 20.280100 17.794100 17.128200 12.210300 17.919500 22.253800 16.508700

=== RESULT ===
MeanRelativeError: 0.011905069239380396
MeanAbsoluteError: 0.16299300000000003
Rule,mean_relative_error 0.011905069239380396
pass mean_relative_error=np.float64(0.011905069239380396) <= 0.05 or mean_absolute_error=np.float64(0.16299300000000003) <= 0.0002
