=== CUDA ===
0.813800 0.742400 0.729200 0.797400 0.806700 0.795600 0.818700 0.739000 0.704200 0.717300
0.782100 0.706500 0.738500 0.701600 0.834900 0.719200 0.709700 0.744000 0.763300 0.705900
0.708100 0.761700 0.709300 0.701200 0.805600 0.735200 0.814000 0.808300 0.740300 0.742500
0.706800 0.695800 0.775900 0.716600 0.777200 0.770100 0.697600 0.694900 0.812400 0.781100
0.707700 0.695200 0.721300 0.743500 0.772500 0.763800 0.751500 0.721600 0.807400 0.825100
0.701800 0.704300 0.773700 0.746400 0.714900 0.761200 0.701500 0.716300 0.794100 0.693900
0.819300 0.738500 0.688800 0.738500 0.782800 0.741500 0.713600 0.707900 0.730700 0.703000
0.688900 0.686000 0.722000 0.730600 0.686100 0.919400 0.729400 0.693700 0.760400 0.726100
0.685000 0.743300 0.846100 0.675500 0.713800 0.744500 0.686600 0.688700 0.693600 0.726600
0.684700 0.705600 0.687400 0.740800 0.698300 0.728100 0.685500 0.768500 0.681000 0.716800

=== SDAA ===
0.980700 0.695800 0.645800 1.195500 0.761000 0.804600 0.879500 0.623700 0.428400 0.483200
0.689500 0.311700 0.329100 0.215900 0.537300 0.416800 0.273900 0.229500 0.287600 0.171800
0.167800 0.248700 0.158600 0.095400 0.395400 0.183300 0.444600 0.665600 0.132400 0.183300
0.192600 0.113600 0.399100 0.129500 0.283100 0.231700 0.083200 0.066600 0.200800 0.244700
0.142100 0.096300 0.092700 0.219800 0.283000 0.201500 0.172800 0.148800 0.241100 0.221800
0.122400 0.118400 0.255900 0.219100 0.198100 0.118200 0.162000 0.091800 0.281200 0.113800
0.268600 0.181500 0.053100 0.166100 0.163100 0.164100 0.151900 0.116600 0.096000 0.077500
0.072800 0.091600 0.202800 0.156900 0.105100 0.512100 0.162800 0.068200 0.139800 0.154200
0.108100 0.238800 0.414100 0.052400 0.329900 0.213600 0.081200 0.053000 0.119300 0.156400
0.101100 0.079200 0.094400 0.185800 0.184500 0.164200 0.072500 0.189800 0.043900 0.128400

=== RESULT ===
MeanRelativeError: -0.6680141910353897
MeanAbsoluteError: -0.48652399999999996
Rule,mean_relative_error -0.6680141910353897
pass mean_relative_error=-0.6680141910353897 <= 0.05 or mean_absolute_error=-0.48652399999999996 <= 0.0002
