=== CUDA ===
4.674600 4.658800 4.920900 4.600500 4.905600 4.703700 4.942000 4.932700 5.554000 5.110800
4.728000 5.204300 5.334900 5.253400 5.526100 5.648300 5.392400 5.410100 5.796900 5.670100
4.984000 4.961500 5.496800 5.273300 4.884900 5.552900 5.337600 5.345900 5.142400 5.300800
5.385700 5.086700 5.041100 4.416800 4.630900 4.841700 4.662000 4.697400 4.736000 4.566300
4.680100 4.804400 4.848600 4.639500 4.670300 4.747200 4.584400 4.694500 4.629800 4.486800
4.633500 4.673300 4.663600 4.666600 4.655500 4.544700 4.645800 4.627000 4.602200 4.594600
4.567300 4.835400 4.723100 4.512900 4.626500 4.657600 4.601300 4.612400 4.565100 4.528700
4.464500 4.595900 4.481500 4.725600 4.617600 4.476100 4.453600 4.665000 4.557900 4.795300
4.320000 4.446600 4.612200 4.668800 4.586600 4.455100 4.720900 4.452200 4.489000 4.500100
4.379900 4.502700 4.506600 4.527600 4.310900 4.368400 4.520800 4.406100 4.529200 4.601800

=== SDAA ===
4.659500 4.631000 4.652100 4.510600 4.720000 4.983600 4.858700 4.872800 5.170500 4.456500
5.329500 4.881600 4.534700 5.247400 5.236100 4.877900 4.883200 5.018500 5.278300 5.292600
5.066100 4.532000 5.621800 5.145600 5.183800 5.178600 4.708200 5.259500 4.883200 4.923800
4.640500 4.995800 4.957000 4.775300 4.789200 4.866600 5.008900 4.684800 4.656000 4.638500
4.734100 4.636700 4.451200 4.604600 4.568200 5.017200 4.928800 4.870100 4.467100 4.740300
4.569000 4.508900 4.638900 4.691300 4.636600 4.561800 4.726700 4.739700 4.752800 4.616800
4.763300 4.715500 4.545300 4.496700 4.460900 4.567500 4.656500 4.742100 4.657300 4.596800
4.596600 4.670400 4.574800 4.654800 4.658500 4.597700 4.584400 4.695300 4.638400 4.601000
4.620000 4.650800 4.696700 4.637900 4.625900 4.553500 4.544200 4.631700 4.660900 4.616100
4.602200 4.705000 4.673000 4.514800 4.691300 4.661000 4.566700 4.584800 4.659500 4.646400

=== RESULT ===
MeanRelativeError: -0.004179840239873181
MeanAbsoluteError: -0.03286700000000006
Rule,mean_absolute_error -0.03286700000000006
pass mean_relative_error=-0.004179840239873181 <= 0.05 or mean_absolute_error=-0.03286700000000006 <= 0.0002
