=== CUDA ===
6.722200 5.131600 5.915500 5.783700 6.252200 59.203100 20.966800 35.868000 34.632800 46.643600
35.153800 41.165300 48.390600 28.469700 27.430200 37.822800 32.582000 19.891400 12.522000 12.106000
16.621300 15.517600 17.301500 14.923800 7.623500 6.523400 5.043700 14.833500 10.851100 6.979500
7.734900 8.155800 8.726100 8.512200 12.779800 6.853000 5.218800 6.705100 7.197300 4.713900
6.400400 6.716300 5.617700 5.742200 6.246100 5.667000 4.404100 6.937000 5.252400 4.816400
4.772900 4.983900 4.612300 5.179200 4.505900 4.680700 4.637700 4.376000 4.464400 4.775400
4.465300 4.737300 4.744100 4.904800 5.029800 5.647500 4.488800 6.481400 4.438000 4.585000
4.657200 4.438700 4.719200 4.987800 4.421600 5.077100 4.496800 4.625500 4.993700 4.719200
4.710400 4.707500 4.793900 4.690900 5.836400 4.506600 4.635700 4.522500 4.782700 4.443800
4.710900 4.803700 4.661100 4.900900 4.777800 4.624000 4.619100 4.593500 4.877000 4.713900

=== SDAA ===
6.725100 5.131800 31.123000 42.451500 38.739300 44.960900 44.694100 34.868200 33.409200 34.249800
31.345700 20.143100 14.624300 28.907700 15.078900 18.812300 13.294900 33.630900 14.099100 18.008300
11.372100 12.844500 15.206500 7.287600 10.127400 9.049800 6.249500 4.945300 7.943400 5.042500
5.852500 4.924800 6.449200 9.627900 7.587900 5.962900 4.840300 5.529800 10.456100 5.598600
5.537600 4.422900 4.964400 5.057100 5.792000 6.228000 5.322800 4.571300 4.973600 4.879900
4.813000 4.700200 4.487500 5.230500 4.220700 4.823200 4.521000 5.182100 5.922900 4.387200
4.585900 4.917500 4.928200 4.788600 4.723600 4.774400 4.610400 4.845700 4.514200 4.766100
5.018600 4.715300 4.779800 4.624300 4.476300 4.760500 4.502700 4.383500 4.783700 4.772500
4.583000 4.667500 4.724600 4.572800 4.492700 4.439900 4.571000 4.491200 4.741700 4.707000
4.671900 4.492900 4.674800 4.914600 4.663600 4.661100 4.769000 4.473900 4.906200 4.654300

=== RESULT ===
MeanRelativeError: 0.11245239121555989
MeanAbsoluteError: -0.43448099999999995
Rule,mean_absolute_error -0.43448099999999995
pass mean_relative_error=0.11245239121555989 <= 0.05 or mean_absolute_error=-0.43448099999999995 <= 0.0002
